scaffold	position	linkage_group	mapping_pos
tig00000023	480684	1	0
tig00000023	538430	1	0.00000500000050000007
tig00000023	398798	1	1.13213900220308
tig00000023	329504	1	1.70115540865425
tig00000023	338219	1	1.70116040865475
tig00000023	341033	1	1.70116540865525
tig00000023	341050	1	1.70117040865575
tig00000023	355763	1	1.84364732938301
tig00000023	292559	1	1.98653479003836
tig00000023	292590	1	1.98653979003886
tig00000023	292604	1	1.98654479003936
tig00000023	292534	1	2.12903244611148
tig00000023	293050	1	2.12903744611198
tig00000023	309001	1	2.12904244611248
tig00000023	191992	1	3.14662983083258
tig00000023	192156	1	3.14663483083308
tig00000023	193198	1	3.14663983083358
tig00000023	192148	1	3.14664483083408
tig00000023	183523	1	3.43269999701232
tig00000023	183562	1	3.43270499701282
tig00000452	25947	1	7.11236416934241
tig00000452	26046	1	7.11236916934291
tig00000452	257945	1	7.54741865029371
tig00000452	257969	1	7.54742365029421
tig00000452	258397	1	7.54742865029471
tig00001849	67451	1	8.86814340181114
tig00001849	53979	1	8.86814840181164
tig00001849	67383	1	8.86815340181214
tig00001849	67193	1	8.86815840181264
tig00001849	56701	1	8.86816340181314
tig00001849	36711	1	8.86816840181364
tig00001851	284827	1	12.7596016381287
tig00001851	352962	1	12.8711927702841
tig00001851	352887	1	12.9489965845505
tig00001851	352888	1	12.949001584551
tig00001851	616766	1	18.0702001535934
tig00001851	566637	1	18.0702051535939
tig00001851	608262	1	18.0702101535944
tig00001851	608295	1	18.0702151535949
tig00001851	608333	1	18.0702201535954
tig00001851	616847	1	18.0702251535959
tig00001851	658247	1	18.3614442912937
tig00001851	658300	1	18.3614492912942
tig00001851	654894	1	18.3614542912947
tig00001851	693590	1	18.3614592912952
tig00001851	693610	1	18.3614642912957
tig00001851	693730	1	18.3614692912962
tig00001851	931900	1	20.4868049073918
tig00001851	968350	1	21.3797684157802
tig00001851	1010527	1	21.4972355845119
tig00001851	1253558	1	23.6213253212717
tig00001851	1260752	1	23.8182251817047
tig00000307	304229	1	24.0487173622807
tig00000307	232961	1	25.1576655363379
tig00000307	232865	1	25.1576705363384
tig00000307	232866	1	25.1576755363389
tig00000307	193298	1	25.302273493747
tig00000307	123864	1	26.2394618538499
tig00000307	48766	1	28.0215483562273
tig00000225	73612	1	31.6300671824273
tig00000225	212120	1	32.2724764819366
tig00000225	176415	1	32.2724814819371
tig00000173	426290	1	33.5400304376433
tig00000173	426293	1	33.5400354376438
tig00000219	13966	1	36.0104654108041
tig00000219	14062	1	36.0104704108046
tig00000219	31090	1	36.7811849291564
tig00000219	31828	1	36.9212081480648
tig00000219	47658	1	37.0496074570379
tig00000219	245235	1	38.3819816243224
tig00000219	245436	1	38.3819866243229
tig00000219	247257	1	38.3819916243234
tig00000322	127960	1	42.9666847027951
tig00000322	128311	1	42.9666897027956
tig00000322	119509	1	43.180571941136
tig00000322	119569	1	43.1805769411365
tig00000322	122359	1	43.180581941137
tig00000322	122780	1	43.1805869411375
tig00000322	249598	1	43.9035404091383
tig00000322	249623	1	43.9035454091388
tig00002120	51905	1	44.2810437261041
tig00002120	48326	1	44.2810487261046
tig00002120	23074	1	44.468811478413
tig00002120	21362	1	44.4688164784135
tig00002120	21398	1	44.468821478414
tig00002120	16711	1	44.6036209905754
tig00002120	16721	1	44.6036259905759
tig00002120	16825	1	44.6036309905764
tig00002118	218051	1	44.8901724914834
tig00002118	258562	1	44.8901774914839
tig00002118	258563	1	44.8901824914844
tig00002118	287293	1	44.8901874914849
tig00002118	287301	1	44.8901924914854
tig00002118	12974	1	47.0390676500974
tig00000490	335824	1	47.330847971151
tig00000490	340947	1	47.3308529711515
tig00000490	139983	1	48.92987410371
tig00000490	54780	1	50.2185486645486
tig00002267	35482	1	51.2396659772933
tig00002293	91089	1	51.2396709772938
tig00002293	91336	1	51.2396759772943
tig00002293	122612	1	51.2396809772948
tig00002293	91773	1	51.2396859772953
tig00002293	91909	1	51.2396909772958
tig00002293	102150	1	51.2396959772963
tig00001888	50148	1	51.2397009772968
tig00002293	94730	1	51.2397059772973
tig00002293	103385	1	51.2397109772978
tig00002293	103415	1	51.2397159772983
tig00002293	120328	1	51.2397209772988
tig00001890	62667	1	54.8062577970874
tig00001890	62735	1	54.8062627970879
tig00001890	165416	1	55.7896752808689
tig00001890	329912	1	57.3941299949632
tig00001890	330148	1	57.3941349949637
tig00000263	20088	1	57.5368734183193
tig00002043	238846	1	57.6798321107912
tig00002043	238635	1	57.6798371107917
tig00000235	85093	1	57.6798421107922
tig00000235	36187	1	57.6798471107927
tig00002043	217565	1	57.6798521107932
tig00002043	228123	1	57.6798571107937
tig00002043	228142	1	57.6798621107942
tig00000235	87750	1	57.6798671107947
tig00000235	87858	1	57.6798721107952
tig00000319	1822	1	57.6798771107957
tig00000319	1837	1	57.6798821107962
tig00002043	237400	1	57.6798871107967
tig00002043	237543	1	57.6798921107972
tig00002043	63867	1	58.4026544078931
tig00002043	64197	1	58.4026594078936
tig00002043	43018	1	58.6892474408709
tig00000613	37506	1	59.165931518369
tig00000613	37885	1	59.1659365183695
tig00000613	37978	1	59.16594151837
tig00001868	97623	1	60.2900291759832
tig00001862	87947	1	61.470852661408
tig00001862	89176	1	61.4708576614085
tig00000913	14844	1	63.412809089815
tig00000913	14870	1	63.4128140898155
tig00002528	75880	1	63.412819089816
tig00002528	76296	1	63.4128240898165
tig00002634	12697	1	64.5741576009139
tig00000881	51650	1	66.146951636449
tig00001892	208229	1	67.5508800952533
tig00001892	208578	1	67.5508850952538
tig00001892	179568	1	67.8316948462531
tig00001892	45581	1	68.6936247257906
tig00001856	290504	1	70.1978151048178
tig00001856	304044	1	70.1978201048183
tig00001856	355821	1	70.1978251048188
tig00001856	70453	1	71.0725919026204
tig00001852	304421	1	72.1387094418455
tig00001852	304552	1	72.138714441846
tig00001852	320244	1	72.1387194418465
tig00001854	21227	1	72.138724441847
tig00001852	304385	1	72.1387294418475
tig00001852	271644	1	72.5520621985088
tig00001852	102279	1	72.7535776299755
tig00001852	114824	1	72.753582629976
tig00001852	95018	1	73.8908351970527
tig00001852	95177	1	73.8908401970532
tig00001852	94990	1	73.8908451970537
tig00001852	47502	1	75.1376363450972
tig00001852	48592	1	75.1376413450977
tig00000389	258647	1	75.6083831130781
tig00000389	300207	1	75.6083881130786
tig00000389	256209	1	75.6083931130791
tig00000389	300451	1	75.6083981130796
tig00000389	195324	1	76.3310315989118
tig00000389	195385	1	76.3310365989123
tig00000389	195695	1	76.3310415989128
tig00000389	195426	1	76.3310465989133
tig00000389	47530	1	76.6339277416592
tig00000389	47778	1	76.6339327416597
tig00000389	40313	1	76.7911231183546
tig00001874	35233	1	76.935362086463
tig00001874	35276	1	76.9353670864635
tig00001875	35286	1	78.0515021663117
tig00001875	35498	1	78.0515071663122
tig00001875	186133	1	78.8439877085463
tig00001875	186159	1	78.8439927085468
tig00001875	391470	1	78.8439977085472
tig00001875	242973	1	78.8440027085477
tig00000125	18382	1	78.9606447181232
tig00001876	180423	1	80.4401286276262
tig00001878	82566	1	82.9324065098094
tig00001150	55817	1	86.4886633085066
tig00000721	71311	1	86.8881058876261
tig00002773	34246	1	86.8881108876266
tig00000461	49231	1	86.8881158876271
tig00002211	235705	1	87.8279629844412
tig00002211	235684	1	87.8279679844417
tig00002211	115131	1	88.9283328314257
tig00002211	115149	1	88.9283378314262
tig00002211	115257	1	88.9283428314267
tig00002211	32518	1	89.0715553756771
tig00002281	39765	1	89.2164244257803
tig00002211	3614	1	89.2164294257808
tig00002277	71477	1	89.7516483215999
tig00002277	71543	1	89.7516533216004
tig00002136	182253	1	90.1441971224158
tig00002136	182307	1	90.1442021224163
tig00002136	189486	1	90.1442071224168
tig00002136	189821	1	90.1442121224173
tig00000375	26456	1	93.0030943415005
tig00000375	26504	1	93.003099341501
tig00000375	26505	1	93.0031043415015
tig00000375	26576	1	93.003109341502
tig00000344	11208	1	93.0876668389417
tig00000689	172108	1	95.9931631793765
tig00000689	172515	1	95.993168179377
tig00000689	172052	1	96.1099316446127
tig00000689	129112	1	96.8536931622973
tig00000689	129132	1	96.8536981622978
tig00002098	102054	1	99.55932229478
tig00002098	102084	1	99.5593272947805
tig00002098	102297	1	99.559332294781
tig00002098	133093	1	99.5593372947815
tig00002098	133486	1	99.559342294782
tig00002098	45895	1	99.8458893259837
tig00002098	49032	1	99.8458943259842
tig00002098	49354	1	99.8458993259847
tig00002098	16908	1	100.422614004765
tig00002096	138402	1	101.149412895268
tig00002096	138429	1	101.149417895269
tig00002096	127987	1	101.259766674494
tig00002096	128008	1	101.259771674495
tig00002096	74559	1	101.545926382287
tig00002522	18398	1	102.102445752404
tig00000330	354698	1	102.233213464479
tig00002520	48978	1	102.233218464479
tig00000330	354706	1	102.23322346448
tig00002520	75761	1	102.23322846448
tig00002522	10419	1	102.233233464481
tig00002522	10430	1	102.233238464481
tig00002096	44039	1	102.233243464482
tig00002522	62577	1	102.233248464482
tig00000330	286718	1	102.519399693729
tig00000330	238636	1	102.845594926761
tig00000330	238656	1	102.845599926761
tig00000330	238687	1	102.845604926762
tig00000330	74177	1	103.671169441139
tig00000330	83718	1	103.67117444114
tig00000330	83693	1	103.67117944114
tig00000330	83698	1	103.671184441141
tig00000330	83699	1	103.671189441141
tig00000330	62617	1	104.094804871219
tig00001204	3163	1	105.112408728123
tig00000647	24452	1	106.831931983442
tig00000647	24578	1	106.831936983442
tig00000288	56042	1	109.208428905724
tig00000288	325508	1	110.597346041168
tig00000288	348787	1	111.17961776751
tig00000754	176261	1	111.911308634259
tig00002455	1514	1	112.174596423214
tig00002455	1536	1	112.174601423215
tig00000754	145603	1	112.441243054349
tig00000754	86254	1	112.666101014191
tig00000754	86264	1	112.666106014192
tig00000754	7897	1	113.715718189692
tig00001980	132683	1	114.709129238484
tig00001980	142899	1	115.086836824432
tig00001980	142854	1	115.086841824433
tig00001980	210585	1	116.223552841406
tig00001980	210681	1	116.223557841406
tig00001980	221448	1	116.335343967881
tig00001980	212066	1	116.340021923494
tig00001980	212173	1	116.340026923494
tig00001980	232334	1	116.51847969061
tig00001980	254911	1	116.656790682644
tig00001980	318707	1	117.27492936249
tig00001980	306272	1	117.274934362491
tig00001980	320347	1	117.418208975
tig00001980	320348	1	117.418213975001
tig00001980	320351	1	117.418218975001
tig00001980	320373	1	117.418223975002
tig00000014	4808	1	119.341674041457
tig00001982	208200	1	119.341679041457
tig00000014	97108	1	120.366489322199
tig00000019	7322	1	120.499020151455
tig00000019	7327	1	120.499025151456
tig00000014	208232	1	120.62418514989
tig00000014	479635	1	122.267112414883
tig00000014	479669	1	122.267117414883
tig00000014	486568	1	122.409821346855
tig00000014	486569	1	122.409826346856
tig00000014	493111	1	122.551291056602
tig00000014	559473	1	122.836975184484
tig00000014	575743	1	123.417475828324
tig00000014	575626	1	123.417480828324
tig00000014	575702	1	123.417485828325
tig00000014	575808	1	123.417490828325
tig00000014	597945	1	123.890553663549
tig00000014	699561	1	124.865583296102
tig00000014	705594	1	124.865588296102
tig00000014	705171	1	124.865593296103
tig00000014	879272	1	125.204788967955
tig00000014	936700	1	125.370645008777
tig00000014	936708	1	125.370650008777
tig00000014	1032236	1	126.175719726514
tig00000014	1032514	1	126.175724726515
tig00000014	1048164	1	126.610473047547
tig00000014	1048123	1	126.610478047548
tig00000014	1087307	1	126.888667367977
tig00000178	67297	1	128.019763929527
tig00000178	67334	1	128.019768929527
tig00000178	176945	1	128.648799418033
tig00000178	176992	1	128.648804418034
tig00000178	195006	1	128.910242168174
tig00000178	195007	1	128.910247168174
tig00000178	378114	1	131.581621978685
tig00000000	85113	1	132.171402019242
tig00000000	84651	1	132.171407019242
tig00000000	84673	1	132.171412019243
tig00000000	119039	1	132.785546037273
tig00000000	152940	1	132.94222789422
tig00000000	172038	1	132.94223289422
tig00000000	177824	1	133.262401876133
tig00000000	216643	1	134.090700584773
tig00000000	216652	1	134.090705584774
tig00000000	216659	1	134.090710584774
tig00000000	216663	1	134.090715584775
tig00000000	216665	1	134.090720584775
tig00000000	216672	1	134.090725584776
tig00000000	225549	1	134.233805040513
tig00000000	225565	1	134.233810040514
tig00000000	259200	1	134.619943720549
tig00000000	291690	1	134.808452314169
tig00000000	291757	1	134.80845731417
tig00000000	308085	1	134.80846231417
tig00000000	318435	1	134.95360402404
tig00000000	382882	1	135.269757908981
tig00000000	387402	1	135.269762908982
tig00000000	387456	1	135.269767908982
tig00000000	405347	1	135.652549959805
tig00000000	433856	1	135.797880483707
tig00000000	433929	1	135.797885483707
tig00000000	658668	1	138.444483696399
tig00000000	658748	1	138.4444886964
tig00000000	700040	1	138.797508522066
tig00000000	700391	1	138.797513522066
tig00000000	724894	1	139.150871200573
tig00000000	726995	1	139.150876200573
tig00000000	726999	1	139.150881200574
tig00000000	727001	1	139.150886200574
tig00000000	727006	1	139.150891200575
tig00000000	727366	1	139.150896200575
tig00000000	787682	1	140.742642477895
tig00000000	815285	1	141.337581630385
tig00000017	181266	1	142.991856580581
tig00000017	181359	1	142.991861580582
tig00000017	181362	1	142.991866580582
tig00000017	216515	1	143.611254858033
tig00000017	209791	1	143.611259858033
tig00000692	36616	1	146.813898410948
tig00000645	94305	1	148.392648301171
tig00000271	234315	1	151.289762362312
tig00000271	234340	1	151.289767362312
tig00000271	271962	1	151.289772362313
tig00000271	272043	1	151.289777362313
tig00000271	272029	1	151.289782362314
tig00000271	70878	1	153.074057850264
tig00000271	4833	1	153.21279141738
tig00000271	6939	1	153.212796417381
tig00000271	7114	1	153.212801417381
tig00000271	25106	1	153.354206502831
tig00000271	25029	1	153.354211502831
tig00000018	924064	2	0
tig00000018	899534	2	0.00000500000050000007
tig00000018	807644	2	0.137092016662442
tig00000018	821359	2	0.137097016662942
tig00000018	745917	2	0.714839416205681
tig00000018	745927	2	0.714844416206181
tig00000018	772335	2	0.714849416206681
tig00000018	773816	2	0.714854416207181
tig00000018	570049	2	1.29132322206876
tig00000018	608393	2	1.29132822206926
tig00000018	606642	2	1.29133322206976
tig00000018	606349	2	1.29133822207026
tig00000018	447790	2	2.30288034291943
tig00000018	404038	2	2.30288534291993
tig00000018	87249	2	7.62537301332671
tig00000018	27224	2	9.13794683832307
tig00000018	27163	2	9.13795183832356
tig00000002	311170	2	14.3418057082759
tig00000002	488526	2	17.0213460023681
tig00000002	617683	2	18.580639153487
tig00000002	618613	2	18.5806441534875
tig00000002	733770	2	19.3219675389559
tig00000002	822857	2	19.6077129668007
tig00000002	820014	2	19.6077179668012
tig00000002	820016	2	19.6077229668017
tig00000002	832835	2	19.6077279668022
tig00000002	1023356	2	21.7228524122598
tig00000002	1125150	2	23.2006510460834
tig00000002	1163357	2	23.3288476253945
tig00000002	1163393	2	23.328852625395
tig00000002	1198937	2	24.0574937245973
tig00000002	1262913	2	24.4870323224106
tig00000002	1262906	2	24.4870373224111
tig00000002	1273731	2	25.065451374772
tig00000002	1300405	2	25.4946465268096
tig00000002	1300475	2	25.4946515268101
tig00000002	1453257	2	27.4721725643528
tig00000002	1402650	2	27.4721775643533
tig00000002	1402992	2	27.4721825643538
tig00000002	1388174	2	27.4721875643543
tig00001871	837733	2	35.7381222096768
tig00001871	845268	2	35.7381272096773
tig00001871	824000	2	35.7381322096778
tig00002117	85991	2	37.1440791790519
tig00002117	86117	2	37.1440841790524
tig00002117	86118	2	37.1440891790529
tig00002117	206777	2	37.9203763874197
tig00002117	206850	2	37.9203813874202
tig00002117	207039	2	37.9203863874207
tig00002117	302900	2	38.8069990703665
tig00002117	361566	2	39.2161838300936
tig00000652	217911	2	41.1683190228582
tig00000652	217870	2	41.1683240228587
tig00000652	217933	2	41.1683290228592
tig00000652	217975	2	41.1683340228597
tig00000652	217976	2	41.1683390228602
tig00000652	217980	2	41.1683440228607
tig00000652	218147	2	41.1683490228612
tig00000652	218190	2	41.1683540228617
tig00002200	16355	2	43.2002517855657
tig00002198	29866	2	44.0555505220445
tig00001408	39704	2	45.401248684219
tig00000188	502026	2	45.5447252354792
tig00001408	40068	2	45.5447302354797
tig00000188	439227	2	47.3317483418442
tig00000188	186485	2	49.0508020478074
tig00000188	199581	2	49.0508070478079
tig00000188	257935	2	49.0508120478084
tig00000188	102562	2	49.815242320528
tig00000188	126199	2	49.8152473205284
tig00002051	26249	2	55.7383767982645
tig00002051	30643	2	55.738381798265
tig00002051	30739	2	55.7383867982655
tig00002051	30802	2	55.738391798266
tig00002051	30840	2	55.7383967982665
tig00002051	74127	2	55.738401798267
tig00002051	74131	2	55.7384067982675
tig00002051	101617	2	55.738411798268
tig00002051	26318	2	55.7384167982685
tig00000926	45718	2	55.738421798269
tig00002051	73807	2	55.9198713788184
tig00002051	74153	2	55.9198763788189
tig00002049	73268	2	56.6823279925619
tig00002049	80957	2	56.6823329925624
tig00002049	57888	2	56.6823379925629
tig00002049	84806	2	56.6823429925634
tig00002049	78319	2	56.6823479925639
tig00002049	78377	2	56.6823529925644
tig00002049	78452	2	56.6823579925649
tig00002049	95887	2	56.9579410200438
tig00002049	30147	2	57.7409831051278
tig00002049	9323	2	58.1239395710852
tig00002049	9511	2	58.1239445710857
tig00002049	9553	2	58.1239495710862
tig00002049	9547	2	58.252173676208
tig00001999	185722	2	59.2817454459818
tig00001999	185750	2	59.2817504459823
tig00001999	198465	2	59.2817554459828
tig00001999	206685	2	59.2817604459833
tig00001999	236333	2	59.3564629591215
tig00001999	341266	2	61.3056197549212
tig00001999	341269	2	61.3056247549217
tig00001999	307433	2	61.3483210384134
tig00001999	341478	2	61.3993745955066
tig00001999	341333	2	61.3993795955071
tig00001999	360646	2	62.0455309015989
tig00001999	420185	2	62.5175116211896
tig00001999	419915	2	62.5175166211901
tig00001999	420206	2	62.5175216211906
tig00001999	462704	2	63.156994310449
tig00001999	462705	2	63.1569993104495
tig00001999	462763	2	63.15700431045
tig00001999	462882	2	63.1570093104505
tig00001999	462883	2	63.157014310451
tig00000424	69189	2	63.7108844187238
tig00001943	66609	2	65.6554961092428
tig00001943	66632	2	65.6555011092433
tig00001943	45744	2	65.7981898810366
tig00001943	45746	2	65.7981948810371
tig00001943	38730	2	65.7981998810376
tig00001943	38544	2	65.7982048810381
tig00000075	567452	2	66.2673701606885
tig00000075	567700	2	66.267375160689
tig00000075	555682	2	66.3985113285822
tig00001884	43258	2	68.5295270240523
tig00001884	43621	2	68.5295320240528
tig00001884	72275	2	68.8146887415435
tig00001884	169166	2	69.871465602316
tig00001884	169167	2	69.8714706023165
tig00001884	169174	2	69.871475602317
tig00001884	169379	2	69.8714806023175
tig00001884	194386	2	70.368240882703
tig00001884	194387	2	70.3682458827035
tig00001884	206558	2	70.3682508827041
tig00001884	277250	2	71.2083514906681
tig00001884	277253	2	71.2083564906685
tig00001884	277278	2	71.208361490669
tig00001884	367310	2	73.3457529142702
tig00001884	367279	2	73.3457579142707
tig00001898	131672	2	77.4968117946418
tig00001898	131678	2	77.4968167946423
tig00001898	132012	2	77.4968217946429
tig00001898	163547	2	77.7948692402993
tig00001899	21500	2	80.2102390050442
tig00001899	21508	2	80.2102440050447
tig00001899	28164	2	80.408008719226
tig00001901	97002	2	80.7982210401708
tig00001901	97052	2	80.7982260401713
tig00001901	97379	2	80.7982310401718
tig00001901	93004	2	80.9335627006559
tig00001901	93082	2	80.9335677006564
tig00001901	96710	2	80.9335727006569
tig00001901	344004	2	81.3646217568793
tig00001901	343807	2	81.3646267568798
tig00001901	399415	2	81.3646317568803
tig00001901	399504	2	81.3646367568808
tig00001901	451958	2	81.3646417568813
tig00001901	388089	2	81.3646467568818
tig00001901	388323	2	81.3646517568823
tig00001901	451968	2	81.3646567568828
tig00001903	28948	2	81.9238515951363
tig00001903	29069	2	81.9238565951368
tig00002183	49603	2	82.4830085901383
tig00002183	38477	2	82.4830135901388
tig00001029	89221	2	84.1014953804769
tig00002035	4899	2	84.1015003804774
tig00002035	5169	2	84.101505380478
tig00002035	5218	2	84.1015103804785
tig00002037	14852	2	84.101515380479
tig00001029	87822	2	84.1015203804795
tig00001029	102606	2	84.10152538048
tig00001029	102984	2	84.1015303804805
tig00001865	8778	2	84.3898918443891
tig00000011	16223	2	84.5309883943345
tig00000011	16268	2	84.530993394335
tig00000011	17605	2	84.5309983943355
tig00000438	221452	2	84.8350207059734
tig00000438	221556	2	84.8350257059739
tig00000438	221593	2	84.8350307059744
tig00001694	24273	2	86.5396039255662
tig00001694	24256	2	86.6834492270717
tig00001694	24257	2	86.6834542270723
tig00001694	24372	2	86.6834592270728
tig00001694	24557	2	86.6834642270733
tig00001694	26800	2	87.032005903823
tig00001694	27143	2	87.0320109038235
tig00002202	12163	2	87.032015903824
tig00001060	48457	2	87.1942414283923
tig00001060	48462	2	87.1942464283928
tig00001060	53224	2	87.3353481292053
tig00001060	49624	2	87.3353531292058
tig00001060	52155	2	87.3353581292063
tig00001993	401924	2	87.4462597396665
tig00001060	50153	2	87.4770182217919
tig00001060	52922	2	87.4770232217924
tig00001060	52923	2	87.4770282217929
tig00001993	347250	2	87.9528310792487
tig00001993	345730	2	87.9528360792492
tig00001993	309591	2	88.1288538851269
tig00001993	310171	2	88.1288588851274
tig00001993	295756	2	88.4517243890953
tig00001993	259261	2	89.2119813214712
tig00001993	259307	2	89.2119863214717
tig00001993	102747	2	90.4750694147368
tig00002366	84853	2	91.6944572063752
tig00002366	84876	2	91.6944622063757
tig00002368	32129	2	92.417328259888
tig00002368	17629	2	92.4173332598885
tig00001321	30797	2	92.5601021103795
tig00001321	30537	2	92.56010711038
tig00002222	33193	2	93.5861147039045
tig00002222	62165	2	93.586119703905
tig00002674	36871	2	95.3028100698581
tig00002674	36874	2	95.3028150698586
tig00002674	20779	2	95.6091475893403
tig00002674	21031	2	95.6091525893408
tig00000953	18514	2	97.0901207050959
tig00000953	69404	2	98.1661160140381
tig00000917	26876	2	98.9050011612167
tig00000917	27226	2	98.9050061612172
tig00001145	58234	2	99.35184803231
tig00001145	58431	2	99.3518530323105
tig00001274	13912	2	99.5310879107849
tig00001274	31036	2	99.926627466179
tig00001274	31253	2	99.9266324661795
tig00001274	44641	2	100.082966516163
tig00000609	90071	2	100.973257472683
tig00000609	89507	2	101.107169675913
tig00000609	89653	2	101.107174675914
tig00000609	38074	2	101.39512360875
tig00000609	38332	2	101.395128608751
tig00000609	38394	2	101.395133608751
tig00000609	47130	2	101.395138608752
tig00000524	90424	2	101.826547123212
tig00000524	90440	2	101.826552123213
tig00000524	90156	2	101.826557123213
tig00000524	134326	2	101.969744686446
tig00000524	134339	2	101.969749686446
tig00000524	135734	2	101.969754686447
tig00000524	186277	2	102.599629055994
tig00000524	186934	2	102.599634055995
tig00000524	187108	2	102.599639055995
tig00000524	260764	2	102.941565555073
tig00000524	260794	2	102.941570555073
tig00000524	260825	2	102.941575555074
tig00001398	57876	2	104.55498121262
tig00001549	3744	2	104.849039194608
tig00002056	128820	2	104.849044194609
tig00002056	128843	2	104.849049194609
tig00002056	26434	2	106.165501620315
tig00002056	38513	2	106.165506620315
tig00002056	38542	2	106.165511620316
tig00002056	38712	2	106.165516620316
tig00000367	4708	2	109.282534378564
tig00000367	4673	2	109.282539378565
tig00002054	92545	2	113.540294626563
tig00002054	63030	2	113.81043195054
tig00002054	63031	2	113.81043695054
tig00002054	7607	2	114.457528068835
tig00002054	7751	2	114.601859891695
tig00001711	15097	2	115.235837545262
tig00001711	15134	2	115.235842545262
tig00001711	15199	2	115.235847545263
tig00001711	14885	2	115.235852545263
tig00001711	14913	2	115.235857545264
tig00001722	19388	2	115.380186746255
tig00001722	19425	2	115.380191746256
tig00001722	19439	2	115.380196746256
tig00001722	19354	2	115.380201746257
tig00001722	18486	2	115.380206746257
tig00000119	583907	2	115.969615870657
tig00000119	573075	2	116.14374222466
tig00000119	573094	2	116.27930812686
tig00000119	500765	2	116.693725177784
tig00000119	474298	2	117.410442594398
tig00000119	474299	2	117.410447594398
tig00000119	391963	2	118.971689626849
tig00000119	392903	2	118.971694626849
tig00000119	384692	2	119.10965855688
tig00000119	337024	2	119.687177371405
tig00000119	239818	2	120.874353771703
tig00000119	68173	2	121.784682402614
tig00000690	143329	2	125.231639393795
tig00000690	81904	2	125.394581265558
tig00000690	75812	2	125.394586265559
tig00000690	75816	2	125.394591265559
tig00000690	75839	2	125.39459626556
tig00000690	75842	2	125.39460126556
tig00000690	76122	2	125.394606265561
tig00000690	81958	2	125.394611265561
tig00000690	111874	2	125.394616265562
tig00001935	717320	2	125.394621265562
tig00000690	9357	2	125.681232878153
tig00000690	63550	2	125.950110163671
tig00000690	63440	2	125.950115163671
tig00002215	92314	2	130.687346500877
tig00002215	80951	2	130.687351500877
tig00002214	56327	2	132.531212720969
tig00002214	65552	2	132.53121772097
tig00002214	65916	2	132.53122272097
tig00002213	12644	2	133.471833475882
tig00002213	13060	2	133.471838475882
tig00002213	12645	2	133.471843475883
tig00002212	37031	2	134.001681470759
tig00002114	25460	2	134.716085048548
tig00002114	25463	2	134.716090048549
tig00002112	32443	2	135.002590544591
tig00002112	32437	2	135.002595544592
tig00002112	32788	2	135.002600544592
tig00002112	128141	2	135.328920451909
tig00002112	128255	2	135.328925451909
tig00002112	128282	2	135.32893045191
tig00001886	35409	2	136.03571112654
tig00000522	184123	2	136.414629799429
tig00000522	184381	2	136.41463479943
tig00002013	289964	2	136.571028609208
tig00002013	375947	2	136.571389682094
tig00002013	424664	2	136.571394682095
tig00002013	200875	2	136.714832197394
tig00002013	200832	2	136.714837197394
tig00002013	151154	2	136.998085434573
tig00002013	93020	2	137.733501371983
tig00002011	115125	2	138.313975482779
tig00002011	115197	2	138.31398048278
tig00001455	31130	2	139.596697337974
tig00001455	51176	2	140.054171453475
tig00000912	81545	2	140.946630972133
tig00000912	81555	2	140.946635972133
tig00000912	17637	2	140.946640972134
tig00000912	81307	2	140.946645972134
tig00000020	827259	2	141.377247363999
tig00002355	70819	2	141.96473482331
tig00002355	81764	2	141.96473982331
tig00002355	30350	2	141.964744823311
tig00002355	30405	2	141.964749823311
tig00001170	19438	2	143.017746352096
tig00001170	26872	2	143.131435221827
tig00001413	44696	2	145.108775051361
tig00000004	34659	2	146.296455066489
tig00000004	30630	2	146.29646006649
tig00000004	30325	2	146.29646506649
tig00000004	34671	2	146.296470066491
tig00000004	13436	2	146.461412952472
tig00000877	38275	2	146.626358034515
tig00000877	41286	2	146.626363034516
tig00000877	41290	2	146.626368034516
tig00000877	35273	2	146.83441265927
tig00000877	81716	2	146.834417659271
tig00000877	81758	2	146.834422659271
tig00001600	26627	2	147.121597598493
tig00001259	45115	2	147.408146202777
tig00001259	45154	2	147.408151202778
tig00001259	51384	2	147.408156202778
tig00000948	722	2	147.408161202779
tig00001259	11731	2	147.408166202779
tig00000948	77221	2	147.696896638154
tig00000948	76864	2	147.838079254621
tig00000948	77129	2	147.838084254622
tig00000414	104675	2	150.325316799755
tig00000414	104587	2	150.325321799755
tig00001895	28511	2	150.556991795983
tig00001895	62028	2	150.659337254767
tig00000632	60457	2	154.047720274768
tig00000632	108643	2	154.047725274769
tig00000000	1913707	2	156.399512091869
tig00000000	1830968	2	158.537559651501
tig00000000	1565292	2	161.4687569825
tig00000000	1659309	2	161.4687619825
tig00000000	1156405	2	166.693240886908
tig00000000	1156436	2	166.693245886908
tig00000000	1250159	2	166.693250886909
tig00000000	1124348	2	167.992818312155
tig00000000	1111909	2	168.302072710578
tig00000000	1103310	2	168.845079912924
tig00000000	1078703	2	169.073242058903
tig00000000	937644	2	171.26659812034
tig00000449	164647	2	173.508605454677
tig00000075	430905	3	0
tig00000075	318094	3	0.00000500000050000007
tig00000075	192077	3	0.641829462876393
tig00000075	192272	3	0.641834462876893
tig00000075	199648	3	0.641839462877393
tig00000075	199700	3	0.641844462877893
tig00000075	177217	3	0.95730508617219
tig00000075	177123	3	0.95731008617269
tig00000075	81622	3	1.24272587605187
tig00000075	52040	3	1.63623210249666
tig00000314	178132	3	6.25936049384258
tig00000314	120263	3	6.96350848679033
tig00000314	69527	3	7.89570072172947
tig00000314	46094	3	8.24748435596987
tig00000314	26364	3	8.57841639942417
tig00000091	339744	3	11.3720698358011
tig00000091	340149	3	11.4825036636889
tig00000091	189037	3	12.4298221698117
tig00000091	188981	3	12.4298271698122
tig00000091	179493	3	12.6263778235541
tig00000091	130523	3	13.0837972161111
tig00000091	130671	3	13.0838022161116
tig00000091	130481	3	13.213778169011
tig00000091	91892	3	14.4406590849675
tig00001871	137618	3	18.609096945137
tig00001871	150900	3	18.6949191337398
tig00001871	150908	3	18.6949241337403
tig00001871	151065	3	18.6949291337408
tig00001871	373875	3	21.7223048221036
tig00001871	373950	3	21.7223098221041
tig00000048	180822	3	24.6740039329667
tig00000048	181165	3	24.6740089329672
tig00000048	129076	3	24.8282042799568
tig00000048	129092	3	24.8282092799573
tig00000054	110022	3	26.8609281764334
tig00000054	526859	3	30.5103046981565
tig00000054	515992	3	30.510309698157
tig00000054	720672	3	33.689816995429
tig00000054	720738	3	33.6898219954295
tig00000078	668150	3	35.2302657297124
tig00000078	675603	3	35.3219792164454
tig00000078	675690	3	35.3219842164459
tig00000078	675706	3	35.3219892164464
tig00000078	675708	3	35.3219942164469
tig00000078	675785	3	35.3219992164474
tig00000078	675801	3	35.3220042164479
tig00000078	675859	3	35.3220092164484
tig00000078	633019	3	35.5772604069061
tig00000078	173664	3	38.8086108310814
tig00000078	387650	3	38.8086158310819
tig00000078	316110	3	38.8086208310824
tig00000078	302836	3	38.8086258310829
tig00000078	302888	3	38.8086308310834
tig00000078	26676	3	39.2441484039514
tig00001301	59382	3	39.3835525353107
tig00001301	59583	3	39.3835575353112
tig00000159	13219	3	40.9907715333839
tig00000159	18244	3	40.9907765333844
tig00000159	289673	3	44.5173934519917
tig00000159	289891	3	44.5173984519922
tig00000159	289947	3	44.5174034519927
tig00000159	329012	3	44.8761572662162
tig00000159	341819	3	45.2021177081134
tig00000010	888539	3	48.1660239411513
tig00000010	844598	3	48.472277648144
tig00000010	844635	3	48.4722826481445
tig00000010	861712	3	48.4723024332604
tig00000010	664005	3	50.3658089294293
tig00000010	664009	3	50.3658139294298
tig00000010	606668	3	52.1966704775347
tig00000010	606670	3	52.1966754775352
tig00000010	574032	3	52.4836384088133
tig00000010	574101	3	52.4836434088138
tig00000010	574390	3	52.4836484088143
tig00000010	519784	3	52.7525020660715
tig00000010	519803	3	52.752507066072
tig00000010	520411	3	52.7525120660726
tig00000010	83220	3	55.5129012403098
tig00000010	36451	3	55.7733215460501
tig00000010	36452	3	55.7733265460506
tig00000010	228883	3	55.7733315460511
tig00000010	26845	3	55.918111187067
tig00000010	26588	3	55.9181161870675
tig00000010	26678	3	55.918121187068
tig00000010	26787	3	55.9181261870685
tig00002042	211658	3	56.0610102823292
tig00000010	7086	3	56.0610152823297
tig00002042	174135	3	56.199630503063
tig00002042	120244	3	56.7892828341797
tig00002042	88692	3	56.927702244905
tig00002042	88709	3	56.9277072449055
tig00002042	88755	3	56.927712244906
tig00002042	89226	3	56.9277172449065
tig00002042	88580	3	56.927722244907
tig00002042	88217	3	56.9277272449075
tig00002032	10127	3	57.3602706340216
tig00000151	276714	3	57.9404193792576
tig00000335	50111	3	57.9404243792581
tig00000335	50317	3	57.9404293792586
tig00000335	35639	3	57.9404343792591
tig00000335	35917	3	57.9404393792596
tig00001179	5695	3	62.8301096588518
tig00000510	70202	3	63.434255808058
tig00000512	241036	3	66.3308127872409
tig00000353	118442	3	68.1408678360207
tig00000353	142183	3	68.5847764506462
tig00000353	219712	3	69.4619361839525
tig00000353	219433	3	69.461941183953
tig00000353	266436	3	69.8945703704073
tig00000353	266457	3	69.8945753704078
tig00000353	266482	3	69.8945803704083
tig00000828	89012	3	71.0421550477794
tig00000828	6378	3	71.0421600477799
tig00000736	43097	3	72.5289177459892
tig00000736	43153	3	72.5289227459897
tig00000736	47685	3	72.5289277459902
tig00000417	61904	3	73.0996741110044
tig00001030	49529	3	74.6001850374826
tig00001030	75993	3	74.7584745047766
tig00001030	76008	3	74.7584795047771
tig00001030	76050	3	74.7584845047776
tig00001030	76110	3	74.7584895047781
tig00001030	82004	3	74.9334458126941
tig00001969	91971	3	75.1394512540218
tig00001966	487637	3	75.3444416632519
tig00001966	487675	3	75.3444466632524
tig00001966	430102	3	75.6737928647079
tig00001966	421751	3	75.8287395059437
tig00001966	419136	3	75.8287445059442
tig00001966	370097	3	76.145623430159
tig00001966	391855	3	76.1456284301595
tig00001966	391874	3	76.14563343016
tig00001966	406506	3	76.1456384301605
tig00001966	353394	3	76.145643430161
tig00001966	297591	3	76.4336273509166
tig00001966	297310	3	76.4336323509171
tig00000855	99647	3	77.6151244164218
tig00001966	33714	3	77.7365756009382
tig00001966	33727	3	77.7365806009387
tig00001966	33774	3	77.7365856009392
tig00001966	56512	3	77.74416202754
tig00000855	95863	3	77.8898801991718
tig00000855	95984	3	77.8898851991723
tig00000855	79284	3	77.8898901991728
tig00000855	102132	3	77.8898951991733
tig00000168	36180	3	78.3219221136322
tig00000168	36439	3	78.3219271136327
tig00000194	81047	3	78.6091810231427
tig00002002	252402	3	78.8970554054004
tig00002002	286477	3	78.8970604054009
tig00002002	322251	3	78.8970654054014
tig00002002	241191	3	79.0404467136537
tig00002002	232545	3	79.0404517136542
tig00002002	52750	3	79.7588551144011
tig00002002	98175	3	79.7588601144016
tig00002002	98342	3	79.7588651144021
tig00002000	196474	3	80.7318797291762
tig00002000	186403	3	80.8394352830233
tig00002000	102784	3	81.1427092375532
tig00002000	102817	3	81.1427142375537
tig00002018	230452	3	83.9724628861889
tig00002018	230461	3	83.9724678861894
tig00002018	229453	3	83.9874455729508
tig00002018	151991	3	84.514796781167
tig00002018	82992	3	84.8597369469117
tig00002018	74301	3	84.9992085093334
tig00002164	58664	3	85.5512772351775
tig00001640	80	3	88.6471962638736
tig00001640	104	3	88.6472012638741
tig00001500	14115	3	90.834221879416
tig00001500	18013	3	90.8342268794165
tig00002228	21192	3	91.2907250783987
tig00002228	21264	3	91.2907300783992
tig00002329	13501	3	91.2907350783997
tig00000684	7219	3	91.2907400784002
tig00000684	7054	3	91.2907450784007
tig00002228	10884	3	91.3650108613375
tig00002228	49026	3	91.4334264431475
tig00002228	49017	3	91.433431443148
tig00002228	108238	3	91.7556356018057
tig00002228	108284	3	91.7556406018062
tig00002228	108159	3	91.7556456018067
tig00002228	108270	3	91.7556506018072
tig00002434	121510	3	92.7389112778243
tig00002240	16557	3	92.7389162778248
tig00002240	16624	3	92.7389212778253
tig00001556	21942	3	99.7396252012235
tig00000704	89237	3	99.7396361347521
tig00001556	32024	3	99.8226099955767
tig00000283	120299	3	100.668553535605
tig00000704	137792	3	100.668558535606
tig00000704	137799	3	100.668563535606
tig00000704	137992	3	100.668568535607
tig00000704	137993	3	100.668573535607
tig00000704	137998	3	100.668578535608
tig00000704	154708	3	100.668583535608
tig00000334	186648	3	100.825085337772
tig00000411	7672	3	100.825090337772
tig00000793	89504	3	101.856149209375
tig00000793	103671	3	101.856154209375
tig00000793	103813	3	101.984337284587
tig00000793	71267	3	102.251894933423
tig00001464	35016	3	102.710749948458
tig00001464	35045	3	102.710754948459
tig00002463	5986	3	103.054077155716
tig00002463	5929	3	103.054082155717
tig00002463	5942	3	103.054087155717
tig00002593	5211	3	103.500532545897
tig00002593	5235	3	103.500537545897
tig00002593	5594	3	103.500542545898
tig00002593	5650	3	103.500547545898
tig00002593	5667	3	103.500552545899
tig00002593	5685	3	103.500557545899
tig00000006	38240	3	106.973734371304
tig00000006	38377	3	106.973739371305
tig00001112	38399	3	107.994538342803
tig00001112	38455	3	107.994543342804
tig00001112	38552	3	107.994548342804
tig00001378	22263	3	108.58164334953
tig00001378	22271	3	108.58164834953
tig00001378	22272	3	108.581653349531
tig00001378	22491	3	108.581658349531
tig00002257	16464	3	109.782625091208
tig00002257	52754	3	109.947766117632
tig00002257	52757	3	109.947771117633
tig00002257	53030	3	109.947776117633
tig00002257	76524	3	110.491436968881
tig00002257	76703	3	110.491441968882
tig00002257	76791	3	110.491446968882
tig00002257	76796	3	110.491451968883
tig00001859	395560	3	113.574945981153
tig00001859	303164	3	116.273640816429
tig00001859	306313	3	116.27364581643
tig00001859	309358	3	116.27365081643
tig00001859	309406	3	116.273655816431
tig00001859	313853	3	116.273660816431
tig00001859	314982	3	116.273665816432
tig00001859	324512	3	116.273670816432
tig00001859	282923	3	116.539714937892
tig00001859	166137	3	119.513618080932
tig00001859	192149	3	119.513623080932
tig00001859	141005	3	120.180153456493
tig00000368	477	3	120.476705845409
tig00000368	532	3	120.476710845409
tig00001859	119965	3	120.47671584541
tig00001859	97441	3	121.341505942615
tig00001859	97450	3	121.341510942616
tig00001859	98933	3	121.341515942616
tig00001859	48349	3	122.775451329827
tig00001859	48171	3	122.929214829295
tig00001859	48496	3	123.269425828872
tig00001859	17560	3	123.269430828873
tig00001857	746827	3	126.535010757762
tig00001857	746866	3	126.535015757763
tig00001857	806648	3	126.569489022764
tig00001857	660357	3	127.911329262072
tig00001857	660387	3	127.911334262072
tig00001857	660535	3	127.911339262073
tig00001857	661903	3	127.911344262073
tig00001857	537331	3	129.245225975176
tig00001857	515986	3	129.379809134757
tig00001857	516172	3	129.379814134758
tig00001857	268297	3	130.855742659322
tig00000388	63494	3	135.690984653497
tig00000405	96491	3	137.131926360253
tig00000405	104397	3	137.131931360254
tig00000405	165609	3	137.742099971478
tig00000405	165651	3	137.742104971479
tig00000405	165663	3	137.742109971479
tig00000042	78826	3	139.882491098813
tig00000042	238198	3	141.074430901596
tig00000042	400360	3	143.888003479159
tig00000042	395868	3	143.88800847916
tig00000042	468161	3	144.241442068942
tig00000042	481134	3	144.886995288032
tig00000042	493909	3	144.887000288033
tig00000042	494160	3	144.887005288033
tig00000042	572619	3	145.623618938078
tig00000042	651155	3	146.503984492446
tig00000042	674739	3	146.948314311738
tig00000042	795361	3	149.89140201037
tig00000231	379541	3	150.008906653304
tig00000231	379139	3	150.008911653304
tig00000231	367916	3	150.313371460181
tig00000231	367975	3	150.313376460182
tig00000231	367977	3	150.313381460182
tig00000231	368302	3	150.313386460183
tig00000231	368303	3	150.313391460183
tig00000231	125242	3	153.14169318115
tig00000231	53116	3	153.239402015321
tig00000761	50257	3	156.594876457882
tig00000761	50279	3	156.594881457882
tig00001285	24824	3	157.384600105358
tig00001285	24874	3	157.384605105358
tig00000246	282083	3	160.014737751768
tig00000246	282267	3	160.014742751769
tig00000377	29795	3	167.050370558093
tig00000377	32406	3	167.050375558094
tig00000377	32461	3	167.050380558094
tig00000377	32574	3	167.050385558095
tig00000377	3231	3	167.050390558095
tig00000377	3399	3	167.050395558096
tig00000377	3407	3	167.050400558096
tig00000377	36320	3	167.050405558097
tig00000476	118267	4	0
tig00000476	85779	4	0.713950844540713
tig00000476	85780	4	0.713955844541213
tig00000108	33073	4	2.43038500340668
tig00000108	70398	4	2.73974413457159
tig00000108	334964	4	6.19478305501416
tig00000108	484667	4	7.73728378829733
tig00000108	554448	4	9.15599829772653
tig00000108	557514	4	9.28224972238568
tig00000108	580261	4	9.72249726902301
tig00000108	580254	4	9.72250226902351
tig00000108	612677	4	10.2745664395125
tig00000094	389790	4	13.1795815877361
tig00000094	389894	4	13.1795865877366
tig00000094	384837	4	13.4805772859356
tig00000094	356087	4	13.7518844328558
tig00000094	356415	4	13.7518894328563
tig00000094	356416	4	13.7518944328568
tig00000094	356418	4	13.7518994328573
tig00000094	356457	4	13.7519044328578
tig00000094	357431	4	13.7519094328583
tig00000094	348546	4	14.3057809825245
tig00000094	197237	4	17.7408592530561
tig00000094	154238	4	18.6050242990728
tig00000094	154421	4	18.6050292990733
tig00000094	121694	4	18.8267579105208
tig00000094	121698	4	18.8267629105213
tig00000094	22018	4	20.0764622276464
tig00000915	18635	4	21.326077686314
tig00000915	18716	4	21.3260826863145
tig00000915	8060	4	21.326087686315
tig00000915	8025	4	21.3260926863155
tig00000915	8095	4	21.326097686316
tig00000500	80826	4	21.6126486352531
tig00000500	71785	4	21.8993550698227
tig00000243	26894	4	22.1858442569519
tig00000243	26824	4	22.1858492569524
tig00001927	73624	4	23.5022909014836
tig00001927	73625	4	23.5022959014841
tig00001927	73650	4	23.5023009014846
tig00001927	73663	4	23.5023059014851
tig00001927	107330	4	23.7902880370054
tig00001927	107418	4	23.7902930370059
tig00001927	148324	4	24.3733304230965
tig00001927	251836	4	24.6595219922476
tig00001927	330254	4	24.6595269922481
tig00001927	406765	4	25.0956613972518
tig00001929	50213	4	25.2358358459161
tig00001929	50214	4	25.2358408459166
tig00001929	161711	4	25.3792970301887
tig00001929	161739	4	25.3793020301892
tig00001929	206268	4	25.5659737466442
tig00001929	242409	4	25.9467838208545
tig00001929	256287	4	25.946788820855
tig00001929	256336	4	25.9467938208555
tig00001929	231289	4	26.0815995137082
tig00001929	256187	4	26.0816045137087
tig00001929	262370	4	26.0816095137092
tig00001929	265937	4	26.0816145137097
tig00001929	266006	4	26.0816195137102
tig00001929	266001	4	26.0816245137107
tig00001929	321593	4	26.2244912065087
tig00001929	358905	4	26.3671059732461
tig00001929	358959	4	26.3671109732466
tig00001929	359006	4	26.3671159732471
tig00001929	359335	4	26.3671209732476
tig00001929	321429	4	26.509744266444
tig00000396	230015	4	26.6525709264465
tig00000396	263538	4	26.652575926447
tig00001929	295734	4	26.6525809264475
tig00001929	295824	4	26.652585926448
tig00000396	132271	4	28.4348067526251
tig00000396	132261	4	28.4348117526256
tig00000396	132262	4	28.4348167526261
tig00000396	151954	4	28.4348217526266
tig00000396	111261	4	28.5787282571019
tig00000396	111262	4	28.5787332571024
tig00000396	39202	4	28.8543499440033
tig00000294	232535	4	30.1918192460014
tig00000294	63981	4	31.9450327357166
tig00000118	685440	4	32.8862112226553
tig00000118	675411	4	33.0228194848478
tig00000118	675453	4	33.0228244848483
tig00000118	621093	4	33.4543963074527
tig00000118	621345	4	33.4544013074532
tig00000118	594589	4	33.7580581820296
tig00000118	584613	4	33.7580631820301
tig00000118	584974	4	33.7580681820306
tig00000118	540106	4	33.9133276358943
tig00000118	489821	4	34.5094653152865
tig00000118	457751	4	34.6490879901462
tig00000118	459121	4	34.6490929901467
tig00000118	459170	4	34.6490979901472
tig00000118	463912	4	34.6491029901477
tig00000118	433495	4	34.7925487160505
tig00000118	433584	4	34.792553716051
tig00000118	433609	4	34.7925587160515
tig00000118	433644	4	34.792563716052
tig00000118	434747	4	34.7925687160525
tig00000118	433433	4	34.9341486994938
tig00000118	367916	4	35.2219641465719
tig00000118	417407	4	35.2219691465724
tig00000118	417414	4	35.2219741465729
tig00000118	417651	4	35.2219791465734
tig00000118	394644	4	35.3689001622455
tig00000118	94002	4	36.6884090914594
tig00000118	94052	4	36.6884140914599
tig00000118	99563	4	36.6884190914604
tig00000118	131771	4	36.6884240914609
tig00000118	102831	4	36.6884290914614
tig00000118	73975	4	37.1217445320868
tig00000329	1092	4	37.1217495320873
tig00000329	63642	4	37.3343065968259
tig00000329	119093	4	37.5489967505406
tig00000329	119095	4	37.5490017505411
tig00000329	282850	4	37.6928402426563
tig00000329	283332	4	37.6928452426568
tig00000403	150264	4	39.487051040597
tig00000403	216443	4	39.7551693674512
tig00000403	216663	4	39.7551743674517
tig00000403	220419	4	39.8989764352865
tig00000403	220403	4	39.898981435287
tig00000403	218625	4	39.8989864352875
tig00000403	321905	4	40.3561037053604
tig00000403	321947	4	40.3561087053609
tig00000403	285204	4	40.5210452501813
tig00000427	50410	4	40.9602672377458
tig00000427	64494	4	41.0995697382468
tig00000427	65068	4	41.0995747382473
tig00001211	2490	4	43.024066919989
tig00001214	103897	4	43.0240719199895
tig00001211	2388	4	43.02407691999
tig00001211	2577	4	43.0240819199905
tig00001214	90110	4	43.1567511778456
tig00001346	27147	4	43.6865115157006
tig00001346	27096	4	43.6865165157011
tig00001959	4548	4	44.379775843007
tig00001959	4586	4	44.3797808430075
tig00001959	47739	4	44.8374804803888
tig00001959	47955	4	44.8374854803893
tig00001959	96873	4	45.2074463993646
tig00001959	97008	4	45.2074513993652
tig00001959	62811	4	45.2074563993657
tig00001959	116942	4	45.762529650556
tig00001959	108709	4	45.7625346505565
tig00001959	108914	4	45.762539650557
tig00001963	128805	4	49.2595792876234
tig00001963	122678	4	49.2595842876239
tig00001963	122653	4	49.4020555500557
tig00001963	122756	4	49.4020605500562
tig00001963	122852	4	49.4020655500567
tig00002186	16755	4	52.9136350286381
tig00002186	19571	4	52.9136400286386
tig00002186	19943	4	52.9136450286391
tig00002186	55683	4	52.9136500286396
tig00002186	90793	4	53.49069941114
tig00002186	90552	4	53.4907044111405
tig00002186	90584	4	53.490709411141
tig00001989	489138	4	54.2144771580642
tig00001989	346841	4	56.2563171414164
tig00002771	18880	4	56.8357011546963
tig00002771	18801	4	56.8357061546968
tig00002771	18804	4	56.8357111546973
tig00002771	18815	4	56.8357161546978
tig00002771	18817	4	56.8357211546983
tig00002771	18848	4	56.9528741377605
tig00000064	90039	4	59.7940291378955
tig00000064	90406	4	59.794034137896
tig00000064	90407	4	59.7940391378965
tig00000064	90515	4	59.794044137897
tig00000064	233871	4	61.7292214103324
tig00000064	221519	4	61.7292264103329
tig00000064	233893	4	61.7292314103334
tig00000064	288900	4	62.4332469971696
tig00000064	288964	4	62.4332519971701
tig00000064	288974	4	62.4332569971706
tig00000064	288983	4	62.4332619971711
tig00000064	289159	4	62.4332669971716
tig00000064	303339	4	62.5761337439044
tig00000064	303354	4	62.5761387439049
tig00000064	291892	4	62.7168102382824
tig00000064	291897	4	62.7168152382829
tig00000064	291982	4	62.7168202382834
tig00000064	398154	4	63.7485940752558
tig00000064	393686	4	64.0267247560622
tig00000064	393700	4	64.0267297560627
tig00000064	393764	4	64.0267347560632
tig00000064	393811	4	64.0267397560637
tig00000064	393815	4	64.0267447560642
tig00000064	394089	4	64.0267497560647
tig00000064	394124	4	64.0267547560652
tig00000064	394132	4	64.0267597560657
tig00000064	607015	4	65.6668306453165
tig00000064	627668	4	66.2234331865214
tig00000064	665545	4	67.3994050840859
tig00000064	665584	4	67.3994100840864
tig00000064	665756	4	67.3994150840869
tig00000064	665807	4	67.3994200840874
tig00000064	695158	4	68.4283349235963
tig00000064	695212	4	68.4283399235968
tig00000064	787623	4	70.6896498120762
tig00000064	785983	4	70.6896548120767
tig00000064	786021	4	70.6896598120772
tig00000064	800127	4	70.8187361889915
tig00000064	800143	4	70.818741188992
tig00002383	19740	4	71.6690097944351
tig00002383	19758	4	71.6690147944356
tig00002383	19766	4	71.6690197944361
tig00002381	126415	4	71.9555905051384
tig00002381	119322	4	72.2421107686746
tig00002383	16346	4	72.2421157686751
tig00002383	16348	4	72.2421207686756
tig00002383	16425	4	72.2421257686761
tig00002383	16431	4	72.2421307686766
tig00002383	16444	4	72.2421357686771
tig00002383	16354	4	72.384915791352
tig00002383	16391	4	72.3849207913525
tig00002381	33677	4	73.1077080856825
tig00002381	30272	4	73.107713085683
tig00002381	30290	4	73.1077180856835
tig00002381	29936	4	73.2505676587447
tig00002381	30235	4	73.2505726587452
tig00002381	30247	4	73.2505776587457
tig00002381	30283	4	73.2505826587462
tig00002381	10057	4	73.5808696583046
tig00000611	16102	4	74.2593595293809
tig00002486	59220	4	74.2593645293814
tig00000488	32832	4	74.2593695293819
tig00000488	115175	4	74.2593745293824
tig00000576	109882	4	74.2593795293829
tig00000576	118489	4	74.2593845293834
tig00000576	269459	4	74.2593895293839
tig00000611	16210	4	74.2593945293844
tig00000642	21865	4	74.2593995293849
tig00000642	22176	4	74.2594045293854
tig00000642	47714	4	74.2594095293859
tig00000686	90143	4	74.2594145293864
tig00000686	90198	4	74.2594195293869
tig00000686	117229	4	74.2594245293874
tig00000686	117409	4	74.2594295293879
tig00001764	10500	4	74.2594345293884
tig00001764	11840	4	74.2594395293889
tig00001764	11926	4	74.2594445293894
tig00002006	110860	4	74.2594495293899
tig00002006	111989	4	74.2594545293904
tig00002106	48504	4	74.2594595293909
tig00002106	55054	4	74.2594645293914
tig00002443	19402	4	74.2594695293919
tig00002443	19421	4	74.2594745293924
tig00002443	19461	4	74.2594795293929
tig00002443	19463	4	74.2594845293934
tig00002443	19467	4	74.2594895293939
tig00002443	19639	4	74.2594945293944
tig00002443	19678	4	74.2594995293949
tig00002443	19732	4	74.2595045293954
tig00002443	19811	4	74.2595095293959
tig00002443	19840	4	74.2595145293964
tig00002450	146688	4	74.2595195293969
tig00002450	152290	4	74.4023837360882
tig00002450	152427	4	74.4023887360887
tig00002450	155113	4	74.4023937360892
tig00002484	15140	4	74.4023987360897
tig00002484	48086	4	74.4024037360902
tig00000576	269392	4	74.4024087360907
tig00002245	105801	4	74.4024137360912
tig00002520	28430	4	74.4024187360917
tig00000788	95574	4	74.4024237360922
tig00000788	108812	4	74.4024287360927
tig00000642	49818	4	74.4024337360932
tig00002443	17506	4	74.822929938581
tig00002443	17555	4	74.8229349385815
tig00002443	17595	4	74.822939938582
tig00000642	90637	4	75.2485093471178
tig00002813	4556	4	75.2625087239566
tig00002813	6263	4	75.262655619494
tig00001764	2545	4	75.3774424339583
tig00000788	63173	4	76.2735710465542
tig00000788	50986	4	76.3913620075128
tig00000788	10842	4	77.8820516796003
tig00000788	10852	4	77.8820566796008
tig00000788	10547	4	77.8820616796013
tig00000788	10874	4	77.8820666796018
tig00000788	10898	4	77.8820716796023
tig00000788	10900	4	77.8820766796028
tig00001288	76428	4	78.3898761622409
tig00001288	57207	4	79.6189525080982
tig00001288	57218	4	79.6189575080987
tig00000279	211845	4	81.6802854215165
tig00000279	210741	4	82.4427383006566
tig00000279	210450	4	82.4427433006571
tig00000279	61760	4	86.5674594295292
tig00000279	61940	4	86.5674644295297
tig00000279	61995	4	86.5674694295302
tig00000279	62006	4	86.5674744295307
tig00000279	62023	4	86.5674794295312
tig00000302	271476	4	87.1439033104007
tig00000302	271805	4	87.1439083104012
tig00000302	186704	4	87.1439133104017
tig00000302	187046	4	87.1439183104022
tig00000302	268628	4	87.1439233104027
tig00000302	268674	4	87.1439283104032
tig00000302	124798	4	87.4269839395703
tig00000302	43618	4	87.9966307416541
tig00002422	37977	4	89.4346071084431
tig00000785	24812	4	90.2124851720789
tig00000785	86027	4	90.3479670713496
tig00002348	5752	4	91.2923442588695
tig00002348	5753	4	91.29234925887
tig00002348	12872	4	91.2923542588705
tig00000020	144283	4	94.2059256194459
tig00000020	333091	4	94.8508394930145
tig00000020	326343	4	94.850844493015
tig00000020	570554	4	97.972376722116
tig00000020	572827	4	97.9723817221165
tig00000020	524641	4	97.972386722117
tig00000020	572848	4	97.9723917221175
tig00000020	797521	4	99.6127658173176
tig00000020	797538	4	99.6127708173181
tig00000020	832291	4	99.6127758173186
tig00000020	908190	4	100.495711007804
tig00000020	994274	4	100.625624582651
tig00000020	1001245	4	100.81883651898
tig00000020	1001664	4	100.81884151898
tig00000398	239840	4	101.21084236033
tig00000398	255771	4	101.21084736033
tig00000398	236221	4	101.354858405203
tig00000398	192089	4	101.531295186918
tig00000398	181845	4	101.69975835899
tig00000398	182045	4	101.69976335899
tig00000398	192101	4	102.003543602584
tig00000398	57953	4	102.483070375456
tig00002221	28225	4	102.483075375457
tig00002221	26640	4	102.750003791416
tig00002221	26850	4	102.750008791417
tig00001545	12468	4	104.074454293905
tig00000716	1151	4	104.074459293906
tig00000716	1219	4	104.074464293906
tig00000716	1547	4	104.074469293907
tig00000716	84339	4	104.339199575181
tig00001958	192232	4	105.822984898472
tig00001958	192292	4	105.822989898472
tig00001958	365796	4	106.107852538583
tig00001958	506698	4	106.547645099934
tig00001958	507055	4	106.547650099935
tig00001958	506702	4	106.547655099935
tig00001958	507038	4	106.547660099936
tig00001958	579637	4	107.136550146095
tig00000766	9634	4	107.410921611386
tig00001947	55501	4	108.61412640503
tig00000400	270235	4	109.644659036044
tig00000400	105088	4	110.997574369445
tig00002057	204327	4	118.735364172586
tig00002057	204348	4	118.735369172587
tig00002057	204373	4	118.735374172587
tig00002057	204399	4	118.735379172588
tig00002057	204447	4	118.735384172588
tig00002061	48206	4	120.090106100496
tig00002061	92850	4	120.376062829853
tig00002061	92698	4	120.376067829853
tig00002061	93469	4	120.376072829854
tig00002061	93875	4	120.376077829854
tig00001262	29305	4	120.663400522321
tig00001262	29407	4	120.663405522322
tig00001262	29773	4	120.663410522322
tig00000439	130330	4	122.870460569043
tig00000439	130400	4	122.870465569043
tig00000439	233814	4	123.56425365845
tig00000439	237547	4	123.564258658451
tig00000439	237582	4	123.564263658451
tig00000439	237605	4	123.564268658452
tig00000035	865294	4	124.287999141637
tig00000035	865459	4	124.288004141638
tig00000035	865393	4	124.288009141638
tig00000035	618069	4	127.07513887042
tig00000035	695292	4	127.075143870421
tig00000035	548293	4	127.306585070873
tig00000035	541549	4	127.306590070873
tig00000035	495117	4	127.534724679162
tig00000035	488727	4	127.534729679163
tig00000035	488890	4	127.534734679163
tig00000035	495026	4	127.534739679164
tig00000035	495102	4	127.534744679164
tig00000035	495445	4	127.534749679165
tig00000035	495035	4	127.534754679165
tig00000035	442086	4	128.02381631093
tig00000035	375507	4	128.182509242649
tig00000035	164932	4	129.641892447738
tig00000035	164941	4	129.641897447739
tig00000035	156861	4	129.805903362703
tig00000035	196177	4	129.948025635143
tig00000035	12051	4	130.383374837237
tig00000035	76105	4	130.383379837238
tig00000035	94209	4	130.383384837238
tig00000035	94239	4	130.383389837239
tig00000035	66814	4	130.383394837239
tig00000035	66175	4	130.524312903263
tig00000035	114519	4	130.524317903263
tig00000035	114632	4	130.524322903264
tig00000015	57010	4	132.80703409877
tig00000015	33073	4	132.807039098771
tig00000015	176726	4	135.721293400116
tig00000015	176822	4	135.721298400116
tig00000015	177110	4	135.721303400117
tig00000015	318325	4	137.399862311854
tig00000015	350448	4	137.715503414252
tig00000015	350891	4	137.715508414252
tig00000015	381914	4	138.022136278192
tig00000015	382189	4	138.022141278193
tig00000015	382228	4	138.022146278193
tig00000015	382246	4	138.022151278194
tig00000015	382279	4	138.022156278194
tig00000015	382284	4	138.022161278195
tig00000015	416502	4	138.602152828508
tig00000015	416858	4	138.602157828509
tig00000015	442339	4	138.602162828509
tig00000015	465893	4	138.888672066269
tig00000015	497027	4	139.244679697859
tig00000015	554318	4	139.783112526862
tig00000015	544320	4	139.783117526862
tig00000015	804105	4	143.14720925083
tig00000998	26237	4	145.142633939562
tig00000086	422991	5	0
tig00000086	422358	5	0.00000500000050000007
tig00000086	422502	5	0.0000100000010000001
tig00000086	422524	5	0.0000150000015000002
tig00000086	422527	5	0.0000200000020000003
tig00000086	422582	5	0.0000250000025000003
tig00000086	57821	5	1.18305317123593
tig00000086	179905	5	1.25778995281531
tig00000086	261710	5	1.25779495281581
tig00000086	188099	5	1.25779995281631
tig00000086	185067	5	1.40378924555853
tig00000086	185094	5	1.40379424555903
tig00000086	185523	5	1.40379924555953
tig00000086	185526	5	1.40380424556003
tig00000140	44249	5	4.25766819089512
tig00000140	44433	5	4.25767319089562
tig00000140	287601	5	7.55680777034582
tig00000140	287620	5	7.55681277034632
tig00000140	287622	5	7.55681777034682
tig00000140	287631	5	7.55682277034732
tig00000140	296727	5	7.80591805068357
tig00000140	296733	5	7.80592305068407
tig00000140	336122	5	8.42177911266738
tig00000733	159803	5	11.2670093451495
tig00000038	797376	5	12.6434403581194
tig00000038	686749	5	14.8684470551019
tig00000038	686827	5	14.8684520551024
tig00000038	687053	5	14.8684570551029
tig00000038	645053	5	15.3923880711719
tig00000038	614352	5	15.92797038938
tig00000038	500469	5	16.8183507869028
tig00000038	500788	5	16.8183557869033
tig00000038	435933	5	17.4041121232453
tig00000038	436121	5	17.4041171232458
tig00000038	436122	5	17.4041221232463
tig00000038	436128	5	17.4041271232468
tig00000038	436140	5	17.4041321232473
tig00000038	160743	5	18.5666386588203
tig00000038	156357	5	18.5666436588208
tig00000038	160734	5	18.5666486588213
tig00000406	25832	5	19.4996641812168
tig00000406	68723	5	20.0180599776375
tig00000406	68724	5	20.018064977638
tig00000406	122168	5	20.7243064271943
tig00000406	202129	5	21.1256665089766
tig00000406	200430	5	21.3197419778906
tig00000406	200762	5	21.3197469778911
tig00000406	200765	5	21.3197519778916
tig00000406	249636	5	22.7817583524368
tig00002549	21176	5	22.7817633524373
tig00000649	174965	5	25.0636572962239
tig00002585	20315	5	26.0733116809473
tig00002583	72827	5	26.4175696351269
tig00000603	89976	5	27.6411227028187
tig00002262	55383	5	31.2615879168215
tig00002262	18234	5	31.3466108102789
tig00000797	73770	5	33.6537875516793
tig00001153	10270	5	36.127320751937
tig00002022	50541	5	36.2873054240712
tig00002022	78128	5	36.3957482158874
tig00002022	84556	5	36.5834365566003
tig00002022	84741	5	36.5834415566008
tig00002022	86069	5	36.5834465566013
tig00002022	86126	5	36.5834515566018
tig00002024	48081	5	37.932020464373
tig00002022	234601	5	37.9320254643735
tig00002022	247419	5	37.932030464374
tig00002024	170537	5	40.2262399034498
tig00001579	22922	5	41.5741835934791
tig00001579	22931	5	41.5741885934796
tig00000758	47257	5	43.0728182950452
tig00000803	18405	5	43.2278623738052
tig00000803	18415	5	43.2278673738057
tig00000803	18442	5	43.2278723738062
tig00000803	18518	5	43.2278773738067
tig00002025	37588	5	43.6596761198472
tig00002027	46947	5	44.0852779972862
tig00002027	138832	5	44.9871581600918
tig00002027	138844	5	44.9871631600923
tig00002027	163739	5	45.4053400132057
tig00002027	163741	5	45.4053450132062
tig00002027	163338	5	45.4053500132067
tig00002029	31723	5	48.71079226467
tig00002029	31797	5	48.7107972646705
tig00002468	33953	5	52.058699985202
tig00001985	123187	5	58.0241072286765
tig00000484	40952	5	58.024112228677
tig00000484	41267	5	58.0241172286775
tig00000484	41268	5	58.024122228678
tig00001985	111430	5	58.0241272286785
tig00001985	145302	5	58.4610950306521
tig00001985	145610	5	58.4611000306526
tig00001983	110058	5	58.4796062215396
tig00001190	39277	5	58.7727951542844
tig00001190	39623	5	58.7728001542849
tig00001985	186889	5	58.7728051542854
tig00001985	186900	5	58.7728101542859
tig00001985	187155	5	58.7728151542864
tig00001985	187170	5	58.7728201542869
tig00001985	187171	5	58.7728251542874
tig00001985	187172	5	58.7728301542879
tig00001985	187182	5	58.7728351542884
tig00001985	187193	5	58.7728401542889
tig00001985	182880	5	58.837127932898
tig00001985	183899	5	58.8850600545927
tig00001985	147902	5	58.915524187295
tig00001190	29507	5	58.9155291872955
tig00001190	37153	5	58.915534187296
tig00001190	37155	5	58.9155391872965
tig00001190	37186	5	58.915544187297
tig00001190	37270	5	58.9155491872975
tig00001190	50712	5	58.915554187298
tig00001190	50762	5	58.9155591872985
tig00001456	52697	5	58.915564187299
tig00001190	50286	5	59.0584063211821
tig00001985	187603	5	59.0584113211826
tig00001985	187629	5	59.0584163211831
tig00002353	31633	5	59.3449525892548
tig00002601	33582	5	59.3449575892553
tig00002273	10005	5	59.3449625892558
tig00001974	117353	5	59.3449675892563
tig00001558	15815	5	59.3449725892568
tig00000163	1897	5	59.3449775892573
tig00001274	47996	5	59.3449825892578
tig00001558	11331	5	59.3449875892583
tig00001974	117382	5	59.3449925892588
tig00002273	9230	5	59.3449975892593
tig00002601	31546	5	59.3450025892598
tig00002824	29902	5	59.3450075892603
tig00002508	121561	5	59.4961096399674
tig00001974	115867	5	59.6133520597373
tig00002601	44762	5	59.6133570597378
tig00001082	93128	5	59.6133620597383
tig00002209	102165	5	59.7401148900587
tig00001082	43247	5	59.7401198900593
tig00001558	15860	5	59.7401248900598
tig00000544	7918	5	59.7401298900603
tig00000544	12500	5	59.7401348900608
tig00000879	5790	5	59.7401398900613
tig00001082	37904	5	59.7401448900617
tig00001334	23630	5	59.7401498900622
tig00001525	24485	5	59.7401548900628
tig00002209	85847	5	59.7401598900633
tig00002209	208112	5	59.7401648900638
tig00002209	240254	5	59.7401698900643
tig00002353	20564	5	59.7401748900648
tig00002353	32230	5	59.7401798900652
tig00002508	74473	5	59.7401848900657
tig00002508	108477	5	59.7401898900663
tig00002824	30266	5	59.7401948900668
tig00001558	17324	5	59.7401998900673
tig00001558	17426	5	59.7402048900678
tig00001558	17464	5	59.7402098900683
tig00001558	17616	5	59.7402148900687
tig00001558	17634	5	59.7402198900692
tig00002209	195858	5	59.7402248900698
tig00002209	242178	5	59.7402298900703
tig00000303	53467	5	59.8830873563276
tig00000303	16263	5	59.8830923563281
tig00000303	33032	5	59.8830973563286
tig00000303	6240	5	59.8831023563291
tig00000123	75298	5	59.8831073563296
tig00000303	16286	5	59.8831123563301
tig00000506	8047	5	59.8831173563306
tig00000506	8223	5	59.8831223563311
tig00000123	271773	5	60.3143949215829
tig00000123	168590	5	60.3143999215834
tig00000123	168599	5	60.3144049215839
tig00000123	168677	5	60.3144099215844
tig00000303	347053	5	61.9384934895169
tig00000303	347083	5	61.9384984895174
tig00000303	347331	5	61.9385034895179
tig00000384	45149	5	63.8920264172414
tig00001427	24005	5	66.9876009948486
tig00002592	14161	5	67.7220824560599
tig00000837	107119	5	69.5452969672143
tig00000516	2248	5	70.1477482698346
tig00000516	2493	5	70.1477532698351
tig00000516	211077	5	73.1794219169211
tig00000516	209150	5	73.1794269169216
tig00000516	211986	5	73.4652970033736
tig00000516	211990	5	73.4653020033741
tig00000516	250370	5	74.0425998836923
tig00001887	176045	5	75.6736904939244
tig00001887	176074	5	75.6736954939249
tig00001887	176165	5	75.6737004939254
tig00001887	112207	5	76.8262934771773
tig00001887	112010	5	76.8262984771778
tig00002236	17498	5	77.9929462349825
tig00002236	6877	5	78.44203816099
tig00002236	6941	5	78.4420431609905
tig00001866	859340	5	78.8736512704924
tig00001866	814748	5	78.8736562704929
tig00001866	854884	5	78.8736612704934
tig00001866	713270	5	79.1608844344658
tig00001866	716512	5	79.1608894344663
tig00001866	751242	5	79.1608944344668
tig00001866	566608	5	80.5917762855665
tig00001866	98897	5	81.2029455721655
tig00001866	502678	5	81.202950572166
tig00001866	502708	5	81.2029555721665
tig00001866	502888	5	81.202960572167
tig00000049	456158	5	86.6589865174034
tig00000049	313260	5	87.3242715322368
tig00000049	321745	5	87.3242765322373
tig00000049	246287	5	87.4544266568053
tig00000049	144477	5	88.6466882932588
tig00000049	81149	5	88.9231170815842
tig00000049	81082	5	88.9231220815847
tig00000049	68006	5	89.0548352703725
tig00001349	35640	5	90.1099999632895
tig00000840	81075	5	90.6934082536895
tig00000801	3617	5	91.2513930348257
tig00000801	3643	5	91.2513980348262
tig00002071	184895	5	94.6210798766438
tig00002071	215694	5	94.6210848766443
tig00002080	131189	5	95.4926898781343
tig00002071	96509	5	95.6001085610724
tig00002078	143129	5	98.7319489653742
tig00000037	226463	5	101.696899078138
tig00000037	293683	5	101.696904078139
tig00000037	219005	5	101.696909078139
tig00000037	226365	5	101.69691407814
tig00000037	226469	5	101.69691907814
tig00000037	226491	5	101.696924078141
tig00000037	226496	5	101.696929078141
tig00000037	226500	5	101.696934078142
tig00000037	226510	5	101.696939078142
tig00000037	226520	5	101.696944078143
tig00000037	226546	5	101.696949078143
tig00000037	226595	5	101.696954078144
tig00000037	326842	5	103.848508426774
tig00000037	571301	5	106.913577920068
tig00000037	706243	5	108.259819767545
tig00000037	706937	5	108.259824767546
tig00000037	732289	5	108.404917941353
tig00000037	768010	5	108.599076574491
tig00001664	28742	5	108.789558436782
tig00000545	151797	5	109.179417709868
tig00000545	152117	5	109.179422709868
tig00000545	99258	5	110.258235484881
tig00000179	45177	5	111.893935213077
tig00000179	45178	5	111.893940213078
tig00000179	52975	5	111.893945213078
tig00000179	126652	5	112.471000341421
tig00000179	130818	5	112.471005341421
tig00001994	52275	5	112.471010341422
tig00001994	52318	5	112.471015341422
tig00001994	52804	5	112.471020341423
tig00001994	52832	5	112.471025341423
tig00001994	98510	5	113.201760580598
tig00001994	118787	5	113.324184901918
tig00001994	222337	5	114.654325148956
tig00001996	26589	5	114.654330148956
tig00001996	26961	5	114.654335148957
tig00001996	27011	5	114.654340148957
tig00001994	222632	5	114.798353129082
tig00001996	142328	5	114.798358129082
tig00001994	204429	5	114.798363129083
tig00001994	243816	5	115.082483985506
tig00001994	243900	5	115.082488985506
tig00001994	159329	5	115.082493985507
tig00001994	165631	5	115.082498985507
tig00001994	165632	5	115.082503985508
tig00001994	165634	5	115.082508985508
tig00001994	165635	5	115.082513985509
tig00001994	165639	5	115.082518985509
tig00001994	165651	5	115.225378848031
tig00001994	187481	5	115.225383848032
tig00001994	202152	5	115.225388848032
tig00001994	220809	5	115.225393848033
tig00001996	162814	5	115.225398848033
tig00001996	200995	5	117.01398096682
tig00001996	219487	5	117.40706970309
tig00001996	296436	5	120.041253897124
tig00001996	296438	5	120.041258897124
tig00001996	273797	5	120.041263897125
tig00000387	292667	5	120.876694147117
tig00000387	292674	5	120.876699147118
tig00001996	315706	5	120.876704147118
tig00000387	237649	5	121.559852078438
tig00000387	225871	5	121.653713021772
tig00000387	237607	5	121.653718021773
tig00000387	237628	5	121.653723021773
tig00000387	245531	5	121.653728021774
tig00000387	201106	5	121.951470280445
tig00000387	201158	5	121.951475280445
tig00000387	181569	5	122.395153203401
tig00000387	126035	5	123.088937278256
tig00000387	126037	5	123.088942278256
tig00000387	126066	5	123.088947278257
tig00000387	126074	5	123.088952278257
tig00000387	126087	5	123.088957278258
tig00000387	129994	5	123.193573637022
tig00000387	108490	5	123.482944688699
tig00000387	108340	5	123.4829496887
tig00000387	108495	5	123.4829546887
tig00000387	108496	5	123.482959688701
tig00000387	72473	5	123.770688133179
tig00000394	34096	5	124.82694527451
tig00000394	208416	5	126.023967204567
tig00000394	208272	5	126.023972204567
tig00000713	40241	5	126.455521302513
tig00000713	39985	5	126.455526302513
tig00001932	55730	6	0
tig00001932	50359	6	0.0301634235935293
tig00001932	50739	6	0.0301684235940293
tig00001932	168974	6	0.0301734235945293
tig00002316	51976	6	6.51341602328199
tig00002160	4153	6	8.73800519810322
tig00002159	10011	6	8.73801019810372
tig00001194	18240	6	15.1452297101598
tig00001194	18261	6	15.1452347101603
tig00000322	333820	6	15.2894159074971
tig00000057	66696	6	17.4346336347581
tig00000057	305940	6	17.9956760040735
tig00000057	403006	6	18.2787977191858
tig00000057	402655	6	18.2788027191863
tig00000057	349044	6	18.2788077191868
tig00000057	349167	6	18.2788127191873
tig00000057	351022	6	18.2788177191878
tig00000057	351023	6	18.2788227191883
tig00000057	444955	6	18.5921487485484
tig00000057	444965	6	18.5921537485489
tig00001935	575293	6	24.9839769034458
tig00000076	41160	6	26.0511396269652
tig00000076	101688	6	26.6278955251844
tig00000076	101872	6	26.6279005251849
tig00001256	43882	6	28.486191173587
tig00001256	43900	6	28.4861961735875
tig00001256	53215	6	28.486201173588
tig00000419	139286	6	32.8667594136518
tig00000166	210698	6	35.8750628698297
tig00000166	210928	6	35.8750678698302
tig00000166	190173	6	35.8750728698307
tig00000166	320637	6	37.1600084601523
tig00000166	315141	6	37.2821291299857
tig00000143	518578	6	40.6792044173383
tig00000166	540222	6	40.6792094173388
tig00000143	518370	6	40.6792144173393
tig00000143	98047	6	44.4687287610192
tig00000997	9858	6	45.478133083874
tig00000997	9859	6	45.4781380838745
tig00000191	366530	6	50.7715388145914
tig00000191	366589	6	50.7715438145919
tig00000191	366908	6	50.7715488145924
tig00000191	350219	6	51.2783916969691
tig00000191	195319	6	51.7877978312233
tig00000191	286014	6	51.7878028312238
tig00000191	286165	6	51.7878078312243
tig00000191	64381	6	56.860292636042
tig00000082	244934	6	60.5327463436056
tig00000082	306994	6	61.3290741733881
tig00000082	307007	6	61.3290791733886
tig00000082	307009	6	61.3290841733891
tig00000082	308117	6	61.4883522851595
tig00000156	102647	6	61.6503788585616
tig00000156	144731	6	61.6503838585621
tig00000156	53976	6	61.7934689742765
tig00000156	53991	6	61.793473974277
tig00000156	70989	6	61.7934789742775
tig00000156	70990	6	61.793483974278
tig00002860	5202	6	62.8112505448487
tig00001113	300	6	62.8112555448492
tig00002860	5269	6	62.8112605448497
